station,xMin,yMin,xMax,yMax
South Morang,230.752605,136.583138,276.761302,142.703308
Epping,262.162600,147.580606,278.433987,153.602646
Craigieburn,139.133800,154.330341,178.660799,160.450510
Lalor,266.811079,158.077609,278.431653,164.099649
Roxburgh Park,146.069992,165.227858,180.450367,171.249898
Coolaroo,159.106425,176.484599,180.455745,182.506640
Gowrie,206.766276,191.477723,223.234955,197.499764
Jacana,163.732503,198.909377,180.450637,204.931417
Oak Park,159.285697,221.344833,180.451670,227.366874
Pascoe Vale,152.256540,232.572891, 180.451670,238.594931
Strathmore,154.559996,243.800949,180.450637,249.822989
St Albans,85.043706,300.051590,107.148622,306.073630
Ginifer,93.317555,308.325439,108.457357,314.347479
Albion,101.591405,316.604453,116.210088,322.626493
Preston,260.561792,225.435626,278.425972,231.457666
Coburg,206.783808,236.706781,224.156309,242.728821
Greensborough,385.578520,207.576093,421.893591,213.598134
Watsonia,378.342775,215.519402,399.793324,221.541442
Macleod,370.399466,223.462711,390.507193,229.484751
Rosanna,362.456158,231.406019,382.935226,237.428059
Heidelberg,354.518014,239.344163,379.815747,245.366203
Eaglemont,346.574705,247.287472,371.366298,253.309512
Thornbury,254.477775,247.896906,278.428038,253.918946
Ivanhoe,254.477775,247.896906,278.428038,253.918946
Croxton,259.916204,259.124964,278.422874,265.147004
Darebin,330.688088,263.174089,348.764538,269.196129
Northcote,255.221492,270.358187,278.423390,276.380227
Alphington,322.295451,271.117397,347.200150,277.139438
Fairfield,314.806636,279.060706,333.229121,285.082746
Merri,266.428891,281.586244,278.423390,287.608285
Jewell,266.428891,281.586244,278.423390,287.608285
Ascot Vale,156.150724,288.718345,180.451154,294.740385
Keilor Plains,76.769857,291.777740,104.982547,297.799781
Batman,206.783808,225.860911,224.813775,231.882951
Brunswick,206.783808,270.396119,230.947889,276.418159
Moonee Ponds,145.459795,277.490287,180.453736,283.512327
Watergardens,67.519879,282.527763,99.920108,288.549803
Regent,261.770331,214.207568,278.430621,220.229608
Anstey,206.783808,259.162896,222.561450,265.184937
Essendon,157.426405,266.262229,180.450637,272.284269
Diggers Rest,59.199547,274.202266,89.016910,280.224306
Montmorency,394.219063,199.632785,426.345563,205.654825
Reservoir,256.414537,202.979510,278.427005,209.001551
Merlynston,206.783808,214.245501,232.525189,220.267541
Moreland,206.783808,247.934839,228.695564,253.956879
Glenbervie,155.376019,255.029007,180.450637,261.051047
Diamond Creek,410.105680,183.751332,446.096408,189.773372
Eltham,402.162371,191.689476,418.149184,197.711516
Ruthven,259.384240,191.761782,278.430104,197.783822
Fawkner,206.766276,203.372028,226.396268,209.394068
Glenroy,162.451658,210.101281,180.451670,216.123322
Wattle Glen,418.043824,175.808024,444.752553,181.830064
Keon Park,254.653375,180.533724,278.429071,186.555764
Upfield,208.456595,180.591547,232.534426,186.711716
Broadmeadows,143.889726,187.670989,180.448055,193.693030
Sunbury,51.028992,264.838665,78.097701,270.958835
Hurstbridge,425.885300,165.025141,466.722583,171.145310
Thomastown,248.476394,169.305666,278.434236,175.327707
Royal Park,206.783808,292.852235,231.453514,298.874275
Rushall,261.419132,292.819467,278.421324,298.841507
Newmarket,154.064185,303.912892,180.451670,309.934932
Flemington Bridge,206.775113,302.332494,232.493770,313.080235
Clifton Hill,254.973586,304.047525,278.418742,310.069565
Kensington,154.389561,315.146115,180.447538,321.168155
Macaulay,206.783808,315.292856,228.975491,321.314896
Dennis,306.886023,286.985135,322.845979,293.007176
Westgarth,298.947879,294.928444,322.755080,300.950484
Victoria Park,286.178704,315.285912,315.326721,321.307952
Yarraville,129.068530,372.614082,149.844052,378.636122
North Richmond,286.178704,336.920840,324.271981,342.942880
Melbourne Central,219.160064,342.245296,235.902472,348.267336
Southern Cross,159.199389,366.256336,180.378791,377.226159
Spotswood,123.371865,383.842140,149.839920,389.864180
Jolimont-MCG,249.265100,374.870706,269.095999,380.892746
Flinders Street,192.267471,387.704985,225.791022,393.727025
Heyington,320.641826,389.452547,344.130365,395.474587
Newport,157.612334,395.085341,177.601272,401.107382
Seaholme,119.453895,406.201905,142.613960,412.223946
Laverton,64.731862,417.015008,85.029649,423.037048
Prahran,255.614009,419.798781,273.776709,425.820821
Williamstown,159.552092,429.117282,203.992269,435.237452
Windsor,254.560410,431.026839,273.779292,437.048879
Hawksburn,293.511657,417.662138,319.739036,423.684178
Balaclava,251.564884,442.254897,273.773094,448.276937
Werribee,12.730000,460.038341,42.848981,466.158510
Glenhuntly,292.737872,464.788483,317.491763,470.810523
Gardenvale,247.345324,475.944235,273.768962,481.966275
Ormond,298.388054,476.016541,317.488664,482.038581
North Brighton,239.727392,487.172293,273.771028,493.194333
Bentleigh,295.712740,498.472656,317.496928,504.494696
Brighton Beach,238.023041,509.628408,273.768446,515.650448
Patterson,295.072317,509.700714,317.490730,515.722754
Hampton,252.349919,520.856466,273.765864,526.878506
Moorabbin,292.288544,520.928772,317.492796,526.950812
Sandringham,229.699047,532.442270,272.162177,538.562440
Tecoma,544.781964,442.905461,563.178109,448.927501
Belgrave,539.465921,451.742451,569.496069,457.862620
Jordanville,386.873939,455.689824,411.703234,461.711864
Carnegie,334.958374,459.093362,355.833059,465.115402
Mount Waverley,395.158117,463.968838,432.152347,469.990879
Murrumbeena,343.242553,467.382705,375.835425,473.404745
Syndal,403.437132,472.247852,419.318584,478.269893
Hughesdale,351.583544,475.734025,379.282346,481.756065
Glen Waverley,411.825525,482.544721,458.985950,488.664891
Oakleigh,359.816075,483.961392,380.200630,489.983432
McKinnon,293.941248,487.244598,317.488148,493.266639
Middle Brighton,237.124383,498.400350,273.774127,504.422391
Upwey,538.997500,434.616117,554.888249,440.638157
Holmesglen,378.594925,447.410810,406.093337,453.432850
Caulfield,326.694854,451.041594,346.927050,457.063634
Elsternwick,247.407301,464.716177,273.774644,470.738217
Upper Ferntree Gully,498.733499,426.326774,546.600455,432.348814
Alamein,410.229633,432.880966,435.968948,439.001136
East Malvern,370.310746,439.131796,400.173041,445.153836
Malvern,318.384852,442.530169,336.803722,448.552209
Ripponlea,250.330521,453.482954,273.774644,459.504995
Ferntree Gully,506.098361,418.032265,538.302332,424.054306
Ashburton,402.244086,422.589262,426.374597,428.611302
Darling,362.036896,430.852782,378.369227,436.874822
Armadale,310.111003,434.256319,332.289774,440.278359
Boronia,511.975790,409.737757,530.003175,415.759797
Burwood,393.965072,414.310248,415.165132,420.332288
Glen Iris,353.757882,422.573768,372.599741,428.595808
Toorak,301.708036,425.853352,317.491875,431.875393
Croydon,529.401958,367.120621,549.204451,373.142661
Ringwood East,521.122944,375.399635,556.022371,381.421675
Bayswater,497.607595,401.448414,521.711766,407.470454
Hartwell,385.680893,406.026069,404.754130,412.048109
Gardiner,345.478868,414.294754,365.585562,420.316794
Mooroolbark,537.686137,358.836442,567.301043,364.858482
Heathmont,487.701700,393.153906,513.421906,399.175946
Willison,377.391549,397.757384,395.192204,403.779425
Tooronga,337.199854,406.015740,359.097149,412.037780
South Yarra,246.751384,408.575888,273.775676,414.597928
Williamstown Beach,157.612334,417.541457,204.067261,423.563497
Hoppers Crossing, 29.316683,446.779806,55.305970,457.749628
Riversdale,369.117700,389.473206,393.350989,395.495246
Kooyong,328.920840,397.736726,349.486159,403.758766
Williams Landing,26.358900,437.064006,65.422108,443.086046
Altona,119.515872,417.889622,134.265738,423.911662
North Williamstown,157.612334,406.313399,202.367558,412.335439
Lilydale,545.095444,347.265734,571.523214,353.385904
West Richmond,286.178704,347.735722,322.878029,353.757762
Richmond,299.120409,347.735722,,353.757762
Parliament,240.550616,360.003664,265.207927,366.025704
Collingwood,86.178704,326.100794,315.047827,332.122834
North Melbourne,187.421347,332.160766,226.553763,338.182806
Huntingdale,368.084760,492.230077,395.967426,498.252117
Clayton,376.394762,500.540079,394.139639,506.562119
Westall,384.678941,508.829423,401.480743,514.851463
Springvale,392.963120,517.108437,417.406612,523.130477
Sandown Park,401.252463,525.397780,434.829728,531.419820
Highett,300.624369,532.156830,317.489181,538.178870
Noble Park,409.541807,533.681959,435.019788,539.703999
Yarraman,417.831150,541.976467,440.030580,547.998507
Cheltenham,289.587406,543.384887,317.484016,549.406928
Dandenong,425.950059,550.095376,452.872607,556.117416
Mentone,297.107209,554.612945,317.491247,560.634985
Lynbrook,395.339803,562.953936,416.915853,568.975976
Parkdale,297.262150,565.841003,317.483500,571.863043
Hallam,434.404673,558.549990,450.436418,564.572030
Narre Warren,442.663028,566.803180,473.340313,572.825220
Merinda Park,386.216300,573.150906,416.917343,579.172946
Mordialloc,293.213025,577.069061,317.480917,583.091101
Berwick,450.967866,575.108018,469.747231,581.130058
Beaconsfield,459.272703,583.412855,489.414409,589.434895
Cranbourne,375.322928,585.070563,415.225917,591.190733
Aspendale,292.918637,588.297119,317.489181,594.319159
Officer,467.556882,591.702199,483.274614,597.724239
Edithvale,296.523598,599.525176,317.487631,605.547217
Cardinia Road,475.968300,600.107006,508.769826,606.129046
Pakenham,485.510300,609.947541,517.678117,616.067710
Chelsea,298.739254,610.753234,317.487631,616.775274
Bonbeach,293.739824,621.981292,317.481434,628.003332
Flemington Racecourse,102.629828,270.863200,135.252678,299.124749
Showgrounds,120.981053,273.410100,147.874282,296.107280
Westona,83.801498,426.976348,102.200175,441.314100
Aircraft,58.515600,426.685106,75.401587,432.707146
Richmond,276.575310,364.789847,297.231289,381.589412
East Richmond,287.220890,364.705851,314.669589,381.300904
Burnley,305.210642,368.910764,321.796832,381.300904
Hawthorn,317.342586,365.309892,337.325136,381.300904
Glenferrie,329.478182,365.366863,349.469497,381.297252
Auburn,341.610126,369.415835,357.483080,381.297252
Camberwell,353.742070,361.762704,378.487923,381.297252
East Camberwell,365.874014,353.669872,398.712699,381.297252
Canterbury,378.009610,362.940839,400.558420,381.293600
Chatham,390.141554,366.385040,407.957007,381.293600
Surrey Hills,402.273498,362.905780,424.857367,381.293600
Mont Albert,414.409282,362.078132,438.498871,381.296052
Box Hill,426.526618,368.954483,444.079492,381.296052
Laburnum,438.684126,364.576100,458.307319,381.292400
Blackburn,450.841634,364.626133,471.503091,381.296052
Nunawading,463.032010,360.875164,487.378700,381.296052
Mitcham,475.098218,367.084659,492.216504,381.296052
Heatherdale,487.270334,361.390096,511.233564,381.292400
Ringwood,499.438798,364.710859,519.876752,381.292400
Seddon,131.650880,361.380859,149.849733,367.402900
Flagstaff,187.750500,347.251617,208.565769,352.972712
South Kensington,154.524106,334.840040,176.939983,353.264380
Melton,36.951618,336.963678,52.167577,348.188100
Rockbank,44.799766,335.270611,65.506873,351.851056
Deer Park,56.778326,335.268420,77.020168,351.383600
Ardeer,73.383970,335.267689,89.211274,346.289060
Sunshine,84.643086,335.266959,103.834613,350.397560
West Footscray,97.421434,335.267689,126.983910,360.634116
Tottenham,93.886298,335.268054,114.183285,352.658148
Middle Footscray,106.105890,335.255272,138.492823,363.446156
Footscray,129.493298,335.260750,149.903497,351.474900
Baxter,346.025394,653.648439,351.193241,665.514152
Somerville,357.540150,648.381890,378.736990,665.517804
Tyabb,369.051254,655.584364,382.841107,665.517804
Hastings,380.562358,651.122716,399.153496,665.517804
Bittern,392.069810,654.589559,406.985940,665.514152
Morradoo,403.580914,649.382172,423.638695,665.514152
Crib Point,415.092018,649.391668,436.086172,665.514152
Leawarra,334.517942,650.417514,353.679157,665.517804
Kananook,294.023883,655.660301,317.482467,661.682341
Frankston,281.294400,666.249318,315.845210,672.369487
Carrum,300.149217,633.204185,317.485049,639.226225
Seaford,299.260889,644.432243,317.494345,650.454283
Stony Point,427.102133,639.902068,457.417908,666.537200
Bell,269.796275,236.668848,278.423906,242.690889